Lat,Long,Alt_m,Alt_dif,Date,hour,Diftime,SP-POI,dist_Km,dist_m,speed_m,speed_km,Week_day,user,transp
40.008959,116.32117,11,-62,2008-12-03,23:49:39,85755,POI,1.04,1040.91,0.01,0.04,2,000,Stopped
40.009017,116.321227,33,22,2008-12-03,23:49:44,5,-,0.01,8.07,1.61,5.8,2,000,Running
40.008967,116.321271,30,-3,2008-12-03,23:49:49,5,-,0.01,6.7,1.34,4.82,2,000,Running
40.008964,116.321282,30,0,2008-12-03,23:49:54,5,-,0.0,0.99,0.2,0.72,2,000,Stopped
40.008999,116.321238,28,-2,2008-12-03,23:49:59,5,-,0.01,5.4,1.08,3.89,2,000,Walking
40.008999,116.321238,28,0,2008-12-03,23:50:2,3,-,0.0,0.0,0.0,0.0,2,000,Stopped
40.008994,116.32124,27,-1,2008-12-03,23:50:4,2,-,0.0,0.58,0.29,1.04,2,000,Stopped
40.008973,116.321271,26,-1,2008-12-03,23:50:9,5,-,0.0,3.52,0.7,2.52,2,000,Walking
40.008973,116.321271,26,0,2008-12-03,23:50:12,3,-,0.0,0.0,0.0,0.0,2,000,Stopped
40.00898,116.321263,29,3,2008-12-03,23:50:14,2,-,0.0,1.03,0.52,1.87,2,000,Stopped
40.008976,116.321249,31,2,2008-12-03,23:50:19,5,-,0.0,1.27,0.25,0.9,2,000,Stopped
40.00897,116.32125,30,-1,2008-12-03,23:50:24,5,-,0.0,0.67,0.13,0.47,2,000,Stopped
40.00897,116.32125,30,0,2008-12-03,23:50:27,3,-,0.0,0.0,0.0,0.0,2,000,Stopped
40.008975,116.321244,31,1,2008-12-03,23:50:29,2,-,0.0,0.76,0.38,1.37,2,000,Stopped
40.008977,116.321234,32,1,2008-12-03,23:50:34,5,-,0.0,0.88,0.18,0.65,2,000,Stopped
40.008977,116.321234,32,0,2008-12-03,23:50:37,3,-,0.0,0.0,0.0,0.0,2,000,Stopped
40.008973,116.321239,33,1,2008-12-03,23:50:39,2,-,0.0,0.62,0.31,1.12,2,000,Stopped
40.008971,116.321229,34,1,2008-12-03,23:50:44,5,-,0.0,0.88,0.18,0.65,2,000,Stopped
40.008987,116.321239,35,1,2008-12-03,23:50:49,5,-,0.0,1.97,0.39,1.4,2,000,Stopped
40.009013,116.321235,36,1,2008-12-03,23:50:54,5,-,0.0,2.91,0.58,2.09,2,000,Walking
40.008949,116.321168,37,1,2008-12-03,23:50:59,5,-,0.01,9.12,1.82,6.55,2,000,Running
40.00891,116.321058,39,2,2008-12-03,23:51:4,5,-,0.01,10.32,2.06,7.42,2,000,Running
40.008852,116.320871,43,4,2008-12-03,23:51:9,5,-,0.02,17.18,3.44,12.38,2,000,Bycicl/Car
40.008809,116.320691,48,5,2008-12-03,23:51:14,5,-,0.02,16.06,3.21,11.56,2,000,Running
40.008754,116.320526,53,5,2008-12-03,23:51:19,5,-,0.02,15.33,3.07,11.05,2,000,Running
40.00862,116.320363,58,5,2008-12-03,23:51:24,5,-,0.02,20.37,4.07,14.65,2,000,Bycicl/Car
40.008387,116.320395,62,4,2008-12-03,23:51:29,5,-,0.03,26.05,5.21,18.76,2,000,Bycicl/Car
40.008179,116.320538,67,5,2008-12-03,23:51:34,5,-,0.03,26.14,5.23,18.83,2,000,Bycicl/Car
40.00807,116.320595,72,5,2008-12-03,23:51:39,5,-,0.01,13.06,2.61,9.4,2,000,Running
40.00803,116.320561,76,4,2008-12-03,23:51:44,5,-,0.01,5.31,1.06,3.82,2,000,Walking
40.007992,116.320519,81,5,2008-12-03,23:51:49,5,-,0.01,5.54,1.11,4.0,2,000,Running
40.007894,116.320532,85,4,2008-12-03,23:51:54,5,-,0.01,10.95,2.19,7.88,2,000,Running
40.007743,116.320527,89,4,2008-12-03,23:51:59,5,-,0.02,16.8,3.36,12.1,2,000,Bycicl/Car
40.007598,116.32052,93,4,2008-12-03,23:52:4,5,-,0.02,16.13,3.23,11.63,2,000,Running
40.007431,116.320515,97,4,2008-12-03,23:52:9,5,-,0.02,18.57,3.71,13.36,2,000,Bycicl/Car
40.007237,116.320446,101,4,2008-12-03,23:52:14,5,-,0.02,22.36,4.47,16.09,2,000,Bycicl/Car
40.006982,116.320311,106,5,2008-12-03,23:52:19,5,-,0.03,30.6,6.12,22.03,2,000,Metro
40.006727,116.320221,110,4,2008-12-03,23:52:24,5,-,0.03,29.37,5.87,21.13,2,000,Metro
40.006511,116.320214,114,4,2008-12-03,23:52:29,5,-,0.02,24.03,4.81,17.32,2,000,Bycicl/Car
40.006331,116.320265,120,6,2008-12-03,23:52:34,5,-,0.02,20.48,4.1,14.76,2,000,Bycicl/Car
40.006144,116.320292,123,3,2008-12-03,23:52:39,5,-,0.02,20.92,4.18,15.05,2,000,Bycicl/Car
40.005977,116.320376,128,5,2008-12-03,23:52:44,5,-,0.02,19.9,3.98,14.33,2,000,Bycicl/Car
40.005795,116.320457,131,3,2008-12-03,23:52:49,5,-,0.02,21.38,4.28,15.41,2,000,Bycicl/Car
40.005575,116.320567,136,5,2008-12-03,23:52:54,5,-,0.03,26.2,5.24,18.86,2,000,Bycicl/Car
40.005343,116.320668,141,5,2008-12-03,23:52:59,5,-,0.03,27.19,5.44,19.58,2,000,Bycicl/Car
40.005095,116.320958,146,5,2008-12-03,23:53:4,5,-,0.04,37.02,7.4,26.64,2,000,Car City
40.004848,116.321324,150,4,2008-12-03,23:53:9,5,-,0.04,41.55,8.31,29.92,2,000,Car City
40.004757,116.321525,156,6,2008-12-03,23:53:14,5,-,0.02,19.89,3.98,14.33,2,000,Bycicl/Car
40.004715,116.321695,161,5,2008-12-03,23:53:19,5,-,0.02,15.21,3.04,10.94,2,000,Running
40.004721,116.321803,164,3,2008-12-03,23:53:24,5,-,0.01,9.22,1.84,6.62,2,000,Running
40.001922,116.322895,141,-23,2008-12-03,23:55:44,140,-,0.32,324.84,2.32,8.35,2,000,Running
40.001734,116.322178,118,-23,2008-12-03,23:55:49,5,-,0.06,64.55,12.91,46.48,2,000,Car City
40.001614,116.321887,113,-5,2008-12-03,23:55:54,5,-,0.03,28.15,5.63,20.27,2,000,Metro
40.001571,116.321807,109,-4,2008-12-03,23:55:59,5,-,0.01,8.32,1.66,5.98,2,000,Running
40.001568,116.32182,105,-4,2008-12-03,23:56:4,5,-,0.0,1.16,0.23,0.83,2,000,Stopped
40.001727,116.320847,274,169,2008-12-03,23:56:9,5,-,0.08,84.74,16.95,61.02,2,000,Car City
40.001824,116.320842,268,-6,2008-12-03,23:56:14,5,-,0.01,10.79,2.16,7.78,2,000,Running
40.001908,116.320986,267,-1,2008-12-03,23:56:19,5,-,0.02,15.42,3.08,11.09,2,000,Running
39.998866,116.323992,45,-222,2008-12-03,23:58:14,115,-,0.42,424.24,3.69,13.28,2,000,Bycicl/Car
39.998942,116.324269,17,-28,2008-12-03,23:58:19,5,-,0.03,25.06,5.01,18.04,2,000,Bycicl/Car
39.998927,116.324333,0,-17,2008-12-03,23:58:24,5,-,0.01,5.7,1.14,4.1,2,000,Running
39.998967,116.324223,15,15,2008-12-03,23:58:29,5,-,0.01,10.37,2.07,7.45,2,000,Running
39.998965,116.324168,9,-6,2008-12-03,23:58:34,5,-,0.0,4.69,0.94,3.38,2,000,Walking
39.999043,116.324099,11,2,2008-12-03,23:58:39,5,-,0.01,10.48,2.1,7.56,2,000,Running
39.999053,116.324104,10,-1,2008-12-03,23:58:44,5,-,0.0,1.19,0.24,0.86,2,000,Stopped
39.999121,116.324055,12,2,2008-12-03,23:58:49,5,-,0.01,8.64,1.73,6.23,2,000,Running
39.999164,116.324039,15,3,2008-12-03,23:58:54,5,-,0.0,4.97,0.99,3.56,2,000,Walking
39.999184,116.32403,17,2,2008-12-03,23:58:59,5,-,0.0,2.35,0.47,1.69,2,000,Stopped
39.999225,116.324032,18,1,2008-12-03,23:59:4,5,-,0.0,4.56,0.91,3.28,2,000,Walking
39.999287,116.323989,21,3,2008-12-03,23:59:9,5,-,0.01,7.81,1.56,5.62,2,000,Running
39.999337,116.323933,24,3,2008-12-03,23:59:14,5,-,0.01,7.33,1.47,5.29,2,000,Running
39.999398,116.323854,28,4,2008-12-03,23:59:19,5,-,0.01,9.55,1.91,6.88,2,000,Running
39.99949,116.323847,32,4,2008-12-03,23:59:24,5,-,0.01,10.25,2.05,7.38,2,000,Running
39.999597,116.323824,38,6,2008-12-03,23:59:29,5,-,0.01,12.06,2.41,8.68,2,000,Running
39.999663,116.32386,42,4,2008-12-03,23:59:34,5,-,0.01,7.95,1.59,5.72,2,000,Running
39.999701,116.323981,43,1,2008-12-03,23:59:39,5,-,0.01,11.14,2.23,8.03,2,000,Running
39.999713,116.324091,47,4,2008-12-03,23:59:44,5,-,0.01,9.46,1.89,6.8,2,000,Running
39.999738,116.324228,47,0,2008-12-03,23:59:49,5,-,0.01,12.0,2.4,8.64,2,000,Running
39.999752,116.324303,49,2,2008-12-03,23:59:54,5,-,0.01,6.58,1.32,4.75,2,000,Running
39.999756,116.32436,51,2,2008-12-03,23:59:59,5,-,0.0,4.88,0.98,3.53,2,000,Walking
39.999775,116.324454,53,2,2008-12-04,0:0:4,-86395,-,0.01,8.28,-0.0,-0.0,3,000,Stopped
39.999753,116.324517,55,2,2008-12-04,0:0:9,5,-,0.01,5.9,1.18,4.25,3,000,Running
39.999818,116.324532,60,5,2008-12-04,0:0:14,5,-,0.01,7.34,1.47,5.29,3,000,Running
39.9999,116.32454,66,6,2008-12-04,0:0:19,5,-,0.01,9.14,1.83,6.59,3,000,Running
