Lat,Long,Alt_m,Alt_dif,Date,hour,Diftime,SP-POI,dist_Km,dist_m,speed_m,speed_km,Week_day,user,transp
40.011236,116.321767,149,100,2009-04-12,0:49:5,-615,-,1.34,1337.68,-2.18,-7.85,6,000,Undifind
40.011186,116.321868,149,0,2009-04-12,0:49:10,5,-,0.01,10.24,2.05,7.38,6,000,Running
40.011186,116.321868,149,0,2009-04-12,0:49:13,3,-,0.0,0.0,0.0,0.0,6,000,Stopped
40.011194,116.321867,149,0,2009-04-12,0:49:15,2,-,0.0,0.89,0.45,1.62,6,000,Stopped
40.011253,116.321928,149,0,2009-04-12,0:49:20,5,-,0.01,8.37,1.67,6.01,6,000,Running
40.011239,116.321969,149,0,2009-04-12,0:49:25,5,-,0.0,3.82,0.76,2.74,6,000,Walking
40.011163,116.322104,149,0,2009-04-12,0:49:30,5,-,0.01,14.27,2.85,10.26,6,000,Running
40.011125,116.322164,149,0,2009-04-12,0:49:35,5,-,0.01,6.63,1.33,4.79,6,000,Running
40.011174,116.322186,149,0,2009-04-12,0:49:40,5,-,0.01,5.76,1.15,4.14,6,000,Running
40.010999,116.322214,149,0,2009-04-12,0:49:45,5,-,0.02,19.6,3.92,14.11,6,000,Bycicl/Car
40.010985,116.322234,149,0,2009-04-12,0:49:50,5,-,0.0,2.31,0.46,1.66,6,000,Stopped
40.010885,116.322369,149,0,2009-04-12,0:49:55,5,-,0.02,15.99,3.2,11.52,6,000,Running
40.01085,116.322383,150,1,2009-04-12,0:50:0,5,-,0.0,4.07,0.81,2.92,6,000,Walking
40.010733,116.322273,150,0,2009-04-12,0:50:5,5,-,0.02,16.03,3.21,11.56,6,000,Running
40.010253,116.322106,150,0,2009-04-12,0:50:10,5,-,0.06,55.24,11.05,39.78,6,000,Car City
40.010196,116.322131,150,0,2009-04-12,0:50:15,5,-,0.01,6.69,1.34,4.82,6,000,Running
40.010116,116.32221,150,0,2009-04-12,0:50:20,5,-,0.01,11.15,2.23,8.03,6,000,Running
40.00969,116.32253,149,-1,2009-04-12,0:50:25,5,-,0.05,54.65,10.93,39.35,6,000,Car City
40.009566,116.322636,149,0,2009-04-12,0:50:30,5,-,0.02,16.48,3.3,11.88,6,000,Running
40.009488,116.322723,148,-1,2009-04-12,0:50:35,5,-,0.01,11.41,2.28,8.21,6,000,Running
40.009369,116.322809,147,-1,2009-04-12,0:50:40,5,-,0.02,15.12,3.02,10.87,6,000,Running
40.009291,116.322804,145,-2,2009-04-12,0:50:45,5,-,0.01,8.68,1.74,6.26,6,000,Running
40.009056,116.323038,145,0,2009-04-12,0:50:50,5,-,0.03,32.86,6.57,23.65,6,000,Metro
40.009042,116.323177,143,-2,2009-04-12,0:50:55,5,-,0.01,11.94,2.39,8.6,6,000,Running
40.009029,116.323394,142,-1,2009-04-12,0:51:0,5,-,0.02,18.54,3.71,13.36,6,000,Bycicl/Car
40.009047,116.323555,141,-1,2009-04-12,0:51:5,5,-,0.01,13.86,2.77,9.97,6,000,Running
40.00913,116.323734,139,-2,2009-04-12,0:51:10,5,-,0.02,17.82,3.56,12.82,6,000,Bycicl/Car
40.009085,116.323935,138,-1,2009-04-12,0:51:15,5,-,0.02,17.84,3.57,12.85,6,000,Bycicl/Car
40.009066,116.324144,137,-1,2009-04-12,0:51:20,5,-,0.02,17.93,3.59,12.92,6,000,Bycicl/Car
40.009027,116.324275,135,-2,2009-04-12,0:51:25,5,-,0.01,11.97,2.39,8.6,6,000,Running
40.008907,116.324287,134,-1,2009-04-12,0:51:30,5,-,0.01,13.38,2.68,9.65,6,000,Running
40.008768,116.324302,132,-2,2009-04-12,0:51:35,5,-,0.02,15.51,3.1,11.16,6,000,Running
40.008603,116.324299,131,-1,2009-04-12,0:51:40,5,-,0.02,18.35,3.67,13.21,6,000,Bycicl/Car
40.008428,116.324329,130,-1,2009-04-12,0:51:45,5,-,0.02,19.63,3.93,14.15,6,000,Bycicl/Car
40.008295,116.324303,128,-2,2009-04-12,0:51:50,5,-,0.01,14.95,2.99,10.76,6,000,Running
40.008117,116.324317,127,-1,2009-04-12,0:51:55,5,-,0.02,19.83,3.97,14.29,6,000,Bycicl/Car
40.007966,116.324328,126,-1,2009-04-12,0:52:0,5,-,0.02,16.82,3.36,12.1,6,000,Bycicl/Car
40.007803,116.324367,125,-1,2009-04-12,0:52:5,5,-,0.02,18.43,3.69,13.28,6,000,Bycicl/Car
40.007635,116.324406,124,-1,2009-04-12,0:52:10,5,-,0.02,18.97,3.79,13.64,6,000,Bycicl/Car
40.007562,116.324364,123,-1,2009-04-12,0:52:15,5,-,0.01,8.87,1.77,6.37,6,000,Running
40.007393,116.324394,122,-1,2009-04-12,0:52:20,5,-,0.02,18.96,3.79,13.64,6,000,Bycicl/Car
40.007709,116.324099,50,-72,2009-04-12,0:52:25,5,-,0.04,43.2,8.64,31.1,6,000,Car City
40.007595,116.324162,50,0,2009-04-12,0:52:30,5,-,0.01,13.77,2.75,9.9,6,000,Running
40.007479,116.324168,49,-1,2009-04-12,0:52:35,5,-,0.01,12.91,2.58,9.29,6,000,Running
40.007382,116.324192,48,-1,2009-04-12,0:52:40,5,-,0.01,10.98,2.2,7.92,6,000,Running
40.007334,116.324153,46,-2,2009-04-12,0:52:45,5,-,0.01,6.29,1.26,4.54,6,000,Running
40.007294,116.32414,44,-2,2009-04-12,0:52:50,5,-,0.0,4.58,0.92,3.31,6,000,Walking
40.007276,116.324145,42,-2,2009-04-12,0:52:55,5,-,0.0,2.05,0.41,1.48,6,000,Stopped
40.007255,116.324149,41,-1,2009-04-12,0:53:0,5,-,0.0,2.36,0.47,1.69,6,000,Stopped
40.007234,116.324147,38,-3,2009-04-12,0:53:5,5,-,0.0,2.34,0.47,1.69,6,000,Stopped
40.007225,116.324144,37,-1,2009-04-12,0:53:10,5,-,0.0,1.03,0.21,0.76,6,000,Stopped
40.007225,116.324144,37,0,2009-04-12,0:53:13,3,-,0.0,0.0,0.0,0.0,6,000,Stopped
40.007221,116.324142,36,-1,2009-04-12,0:53:15,2,-,0.0,0.48,0.24,0.86,6,000,Stopped
40.007212,116.324146,36,0,2009-04-12,0:53:20,5,-,0.0,1.06,0.21,0.76,6,000,Stopped
40.007202,116.324148,35,-1,2009-04-12,0:53:25,5,-,0.0,1.12,0.22,0.79,6,000,Stopped
40.007197,116.324149,35,0,2009-04-12,0:53:30,5,-,0.0,0.56,0.11,0.4,6,000,Stopped
40.007193,116.32415,35,0,2009-04-12,0:53:35,5,-,0.0,0.45,0.09,0.32,6,000,Stopped
40.007188,116.324149,35,0,2009-04-12,0:53:40,5,-,0.0,0.56,0.11,0.4,6,000,Stopped
40.007188,116.324149,35,0,2009-04-12,0:53:43,3,-,0.0,0.0,0.0,0.0,6,000,Stopped
40.007194,116.324151,35,0,2009-04-12,0:53:45,2,-,0.0,0.69,0.34,1.22,6,000,Stopped
40.007195,116.324142,36,1,2009-04-12,0:53:50,5,-,0.0,0.77,0.15,0.54,6,000,Stopped
40.007128,116.324165,36,0,2009-04-12,0:53:55,5,-,0.01,7.7,1.54,5.54,6,000,Running
40.00701,116.324133,35,-1,2009-04-12,0:54:0,5,-,0.01,13.4,2.68,9.65,6,000,Running
40.00691,116.324115,34,-1,2009-04-12,0:54:5,5,-,0.01,11.22,2.24,8.06,6,000,Running
40.006715,116.324133,33,-1,2009-04-12,0:54:10,5,-,0.02,21.74,4.35,15.66,6,000,Bycicl/Car
40.006477,116.324204,32,-1,2009-04-12,0:54:15,5,-,0.03,27.15,5.43,19.55,6,000,Bycicl/Car
40.006348,116.324312,36,4,2009-04-12,0:54:20,5,-,0.02,17.04,3.41,12.28,6,000,Bycicl/Car
40.00603,116.324381,38,2,2009-04-12,0:54:25,5,-,0.04,35.85,7.17,25.81,6,000,Car City
40.005972,116.324337,39,1,2009-04-12,0:54:30,5,-,0.01,7.46,1.49,5.36,6,000,Running
40.005875,116.32438,41,2,2009-04-12,0:54:35,5,-,0.01,11.39,2.28,8.21,6,000,Running
40.005695,116.324329,42,1,2009-04-12,0:54:40,5,-,0.02,20.48,4.1,14.76,6,000,Bycicl/Car
40.005626,116.324245,43,1,2009-04-12,0:54:45,5,-,0.01,10.49,2.1,7.56,6,000,Running
40.005533,116.32421,46,3,2009-04-12,0:54:50,5,-,0.01,10.76,2.15,7.74,6,000,Running
40.005408,116.324134,46,0,2009-04-12,0:54:55,5,-,0.02,15.33,3.07,11.05,6,000,Running
40.005283,116.324144,47,1,2009-04-12,0:55:0,5,-,0.01,13.93,2.79,10.04,6,000,Running
40.005122,116.324133,49,2,2009-04-12,0:55:5,5,-,0.02,17.93,3.59,12.92,6,000,Bycicl/Car
40.004944,116.324136,51,2,2009-04-12,0:55:10,5,-,0.02,19.79,3.96,14.26,6,000,Bycicl/Car
40.004885,116.324097,54,3,2009-04-12,0:55:15,5,-,0.01,7.35,1.47,5.29,6,000,Running
40.004724,116.324086,54,0,2009-04-12,0:55:20,5,-,0.02,17.93,3.59,12.92,6,000,Bycicl/Car
40.004297,116.324239,54,0,2009-04-12,0:55:25,5,-,0.05,49.24,9.85,35.46,6,000,Car City
40.004094,116.324262,54,0,2009-04-12,0:55:30,5,-,0.02,22.66,4.53,16.31,6,000,Bycicl/Car
40.003944,116.324299,54,0,2009-04-12,0:55:35,5,-,0.02,16.97,3.39,12.2,6,000,Bycicl/Car
40.00376,116.324315,53,-1,2009-04-12,0:55:40,5,-,0.02,20.51,4.1,14.76,6,000,Bycicl/Car
40.003647,116.324327,54,1,2009-04-12,0:55:45,5,-,0.01,12.61,2.52,9.07,6,000,Running
40.003434,116.324384,53,-1,2009-04-12,0:55:50,5,-,0.02,24.18,4.84,17.42,6,000,Bycicl/Car
40.003238,116.324428,53,0,2009-04-12,0:55:55,5,-,0.02,22.11,4.42,15.91,6,000,Bycicl/Car
40.003091,116.324439,53,0,2009-04-12,0:56:0,5,-,0.02,16.37,3.27,11.77,6,000,Running
40.002939,116.324399,56,3,2009-04-12,0:56:5,5,-,0.02,17.24,3.45,12.42,6,000,Bycicl/Car
40.002834,116.32437,58,2,2009-04-12,0:56:10,5,-,0.01,11.93,2.39,8.6,6,000,Running
40.002707,116.324343,56,-2,2009-04-12,0:56:15,5,-,0.01,14.31,2.86,10.3,6,000,Running
40.002689,116.324319,56,0,2009-04-12,0:56:20,5,-,0.0,2.86,0.57,2.05,6,000,Walking
40.002636,116.32434,57,1,2009-04-12,0:56:25,5,-,0.01,6.16,1.23,4.43,6,000,Running
40.002434,116.324397,58,1,2009-04-12,0:56:30,5,-,0.02,22.98,4.6,16.56,6,000,Bycicl/Car
40.002266,116.324436,59,1,2009-04-12,0:56:35,5,-,0.02,18.97,3.79,13.64,6,000,Bycicl/Car
40.00209,116.324469,60,1,2009-04-12,0:56:40,5,-,0.02,19.77,3.95,14.22,6,000,Bycicl/Car
40.001844,116.324412,60,0,2009-04-12,0:56:45,5,-,0.03,27.78,5.56,20.02,6,000,Metro
40.001574,116.324376,59,-1,2009-04-12,0:56:50,5,-,0.03,30.18,6.04,21.74,6,000,Metro
40.001384,116.324398,57,-2,2009-04-12,0:56:55,5,-,0.02,21.21,4.24,15.26,6,000,Bycicl/Car
40.001214,116.324453,57,0,2009-04-12,0:57:0,5,-,0.02,19.48,3.9,14.04,6,000,Bycicl/Car
40.001098,116.324468,60,3,2009-04-12,0:57:5,5,-,0.01,12.96,2.59,9.32,6,000,Running
40.001029,116.324458,60,0,2009-04-12,0:57:10,5,-,0.01,7.72,1.54,5.54,6,000,Running
40.000919,116.324458,60,0,2009-04-12,0:57:15,5,-,0.01,12.23,2.45,8.82,6,000,Running
40.000724,116.324501,63,3,2009-04-12,0:57:20,5,-,0.02,21.99,4.4,15.84,6,000,Bycicl/Car
40.000417,116.324528,61,-2,2009-04-12,0:57:25,5,-,0.03,34.21,6.84,24.62,6,000,Car City
40.000249,116.324586,62,1,2009-04-12,0:57:30,5,-,0.02,19.32,3.86,13.9,6,000,Bycicl/Car
40.000142,116.324813,61,-1,2009-04-12,0:57:35,5,-,0.02,22.7,4.54,16.34,6,000,Bycicl/Car
40.000085,116.325027,59,-2,2009-04-12,0:57:40,5,-,0.02,19.3,3.86,13.9,6,000,Bycicl/Car
40.000002,116.325237,58,-1,2009-04-12,0:57:45,5,-,0.02,20.13,4.03,14.51,6,000,Bycicl/Car
39.999958,116.325446,57,-1,2009-04-12,0:57:50,5,-,0.02,18.46,3.69,13.28,6,000,Bycicl/Car
39.999864,116.325649,56,-1,2009-04-12,0:57:55,5,-,0.02,20.21,4.04,14.54,6,000,Bycicl/Car
39.999841,116.325878,55,-1,2009-04-12,0:58:0,5,-,0.02,19.67,3.93,14.15,6,000,Bycicl/Car
39.999834,116.326111,54,-1,2009-04-12,0:58:5,5,-,0.02,19.86,3.97,14.29,6,000,Bycicl/Car
39.999831,116.326328,53,-1,2009-04-12,0:58:10,5,-,0.02,18.49,3.7,13.32,6,000,Bycicl/Car
39.999848,116.326562,52,-1,2009-04-12,0:58:15,5,-,0.02,20.02,4.0,14.4,6,000,Bycicl/Car
39.999842,116.32678,51,-1,2009-04-12,0:58:20,5,-,0.02,18.58,3.72,13.39,6,000,Bycicl/Car
39.999859,116.326998,52,1,2009-04-12,0:58:25,5,-,0.02,18.67,3.73,13.43,6,000,Bycicl/Car
39.999882,116.327197,52,0,2009-04-12,0:58:30,5,-,0.02,17.14,3.43,12.35,6,000,Bycicl/Car
39.999881,116.327332,52,0,2009-04-12,0:58:35,5,-,0.01,11.5,2.3,8.28,6,000,Running
39.999972,116.327342,51,-1,2009-04-12,0:58:40,5,-,0.01,10.15,2.03,7.31,6,000,Running
39.99998,116.327318,51,0,2009-04-12,0:58:45,5,-,0.0,2.23,0.45,1.62,6,000,Stopped
39.999992,116.327319,50,-1,2009-04-12,0:58:50,5,-,0.0,1.34,0.27,0.97,6,000,Stopped
40.000007,116.327313,49,-1,2009-04-12,0:58:55,5,-,0.0,1.74,0.35,1.26,6,000,Stopped
40.000007,116.327313,49,0,2009-04-12,0:58:58,3,-,0.0,0.0,0.0,0.0,6,000,Stopped
40.000014,116.327311,49,0,2009-04-12,0:59:0,2,-,0.0,0.8,0.4,1.44,6,000,Stopped
40.000032,116.327313,49,0,2009-04-12,0:59:5,5,-,0.0,2.01,0.4,1.44,6,000,Stopped
40.000028,116.327312,49,0,2009-04-12,0:59:10,5,-,0.0,0.45,0.09,0.32,6,000,Stopped
40.000028,116.327312,49,0,2009-04-12,0:59:13,3,-,0.0,0.0,0.0,0.0,6,000,Stopped
40.000021,116.327308,49,0,2009-04-12,0:59:15,2,-,0.0,0.85,0.42,1.51,6,000,Stopped
